VL-17{n=35 c=[7.400, 1182638234.543, 42235.086, 3417402645.000, 80.000, 10.000] r=[0:1.247, 1:26029320.967, 2:5667.315, 3:71.665]}
	Weight : [props - optional]:  Point:
	1.0: [5.000, 1208960773.000, 48798.000, 3417402645.000, 80.000, 10.000]
	1.0: [5.000, 1208960773.000, 48798.000, 3417402645.000, 80.000, 10.000]
	1.0: [5.000, 1208960773.000, 48798.000, 3417402645.000, 80.000, 10.000]
	1.0: [5.000, 1208960773.000, 48806.000, 3417402645.000, 80.000, 10.000]
	1.0: [5.000, 1208960773.000, 48806.000, 3417402645.000, 80.000, 10.000]
	1.0: [5.000, 1208960773.000, 48806.000, 3417402645.000, 80.000, 10.000]
	1.0: [5.000, 1208960773.000, 48806.000, 3417402645.000, 80.000, 10.000]
	1.0: [7.000, 1169094051.000, 22470.000, 3417402645.000, 80.000, 10.000]
	1.0: [7.000, 1169094051.000, 22470.000, 3417402645.000, 80.000, 10.000]
	1.0: [8.000, 1169094051.000, 40404.000, 3417402645.000, 80.000, 10.000]
	1.0: [8.000, 1169094051.000, 40404.000, 3417402645.000, 80.000, 10.000]
	1.0: [8.000, 1169094051.000, 40404.000, 3417402645.000, 80.000, 10.000]
	1.0: [8.000, 1169094051.000, 40404.000, 3417402645.000, 80.000, 10.000]
	1.0: [8.000, 1169094051.000, 40912.000, 3417402645.000, 80.000, 10.000]
	1.0: [8.000, 1169094051.000, 40912.000, 3417402645.000, 80.000, 10.000]
	1.0: [8.000, 1169094051.000, 40912.000, 3417402645.000, 80.000, 10.000]
	1.0: [8.000, 1169094051.000, 40912.000, 3417402645.000, 80.000, 10.000]
	1.0: [8.000, 1169094051.000, 41472.000, 3417402645.000, 80.000, 10.000]
	1.0: [8.000, 1169094051.000, 41472.000, 3417402645.000, 80.000, 10.000]
	1.0: [8.000, 1169094051.000, 41472.000, 3417402645.000, 80.000, 10.000]
	1.0: [8.000, 1169094051.000, 41472.000, 3417402645.000, 80.000, 10.000]
	1.0: [8.000, 1169094051.000, 42032.000, 3417402645.000, 80.000, 10.000]
	1.0: [8.000, 1169094051.000, 42032.000, 3417402645.000, 80.000, 10.000]
	1.0: [8.000, 1169094051.000, 42032.000, 3417402645.000, 80.000, 10.000]
	1.0: [8.000, 1169094051.000, 42032.000, 3417402645.000, 80.000, 10.000]
	1.0: [8.000, 1169094051.000, 42539.000, 3417402645.000, 80.000, 10.000]
	1.0: [8.000, 1169094051.000, 42539.000, 3417402645.000, 80.000, 10.000]
	1.0: [8.000, 1169094051.000, 42539.000, 3417402645.000, 80.000, 10.000]
	1.0: [8.000, 1169094051.000, 42539.000, 3417402645.000, 80.000, 10.000]
	1.0: [8.000, 1169094051.000, 43083.000, 3417402645.000, 80.000, 10.000]
	1.0: [8.000, 1169094051.000, 43083.000, 3417402645.000, 80.000, 10.000]
	1.0: [8.000, 1169094051.000, 43083.000, 3417402645.000, 80.000, 10.000]
	1.0: [8.000, 1169094051.000, 43083.000, 3417402645.000, 80.000, 10.000]
	1.0: [9.000, 1266583736.000, 44951.000, 3417402645.000, 80.000, 10.000]
	1.0: [9.000, 1266583736.000, 44951.000, 3417402645.000, 80.000, 10.000]
VL-6{n=2 c=[8.000, 3425369346.000, 46868.500, 3417402645.000, 53.000, 5.000] r=[2:1332.500]}
	Weight : [props - optional]:  Point:
	1.0: [8.000, 3425369346.000, 48201.000, 3417402645.000, 53.000, 5.000]
	1.0: [8.000, 3425369346.000, 45536.000, 3417402645.000, 53.000, 5.000]
VL-38{n=16 c=[12.000, 3523035152.000, 37075.750, 3417402645.000, 80.000, 10.000] r=[0:1.871, 1:5102490.399, 2:12141.670, 3:64.000]}
	Weight : [props - optional]:  Point:
	1.0: [14.000, 3528707258.000, 17325.000, 3417402645.000, 80.000, 10.000]
	1.0: [14.000, 3528707258.000, 17325.000, 3417402645.000, 80.000, 10.000]
	1.0: [14.000, 3528707258.000, 17325.000, 3417402645.000, 80.000, 10.000]
	1.0: [14.000, 3528707258.000, 17325.000, 3417402645.000, 80.000, 10.000]
	1.0: [13.000, 3514754636.000, 49902.000, 3417402645.000, 80.000, 10.000]
	1.0: [13.000, 3514754636.000, 49902.000, 3417402645.000, 80.000, 10.000]
	1.0: [13.000, 3514754636.000, 49902.000, 3417402645.000, 80.000, 10.000]
	1.0: [13.000, 3514754636.000, 49902.000, 3417402645.000, 80.000, 10.000]
	1.0: [9.000, 3524339297.000, 42894.000, 3417402645.000, 80.000, 10.000]
	1.0: [9.000, 3524339297.000, 42894.000, 3417402645.000, 80.000, 10.000]
	1.0: [9.000, 3524339297.000, 42894.000, 3417402645.000, 80.000, 10.000]
	1.0: [9.000, 3524339297.000, 42894.000, 3417402645.000, 80.000, 10.000]
	1.0: [12.000, 3524339417.000, 38182.000, 3417402645.000, 80.000, 10.000]
	1.0: [12.000, 3524339417.000, 38182.000, 3417402645.000, 80.000, 10.000]
	1.0: [12.000, 3524339417.000, 38182.000, 3417402645.000, 80.000, 10.000]
	1.0: [12.000, 3524339417.000, 38182.000, 3417402645.000, 80.000, 10.000]
VL-30{n=54 c=[7.741, 2675494519.796, 46154.574, 3417402645.000, 348.889, 10.000] r=[0:4.347, 1:42112615.845, 2:8727.923, 3:37.926, 4:159.077]}
	Weight : [props - optional]:  Point:
	1.0: [23.000, 2732394234.000, 33598.000, 3417402645.000, 443.000, 10.000]
	1.0: [23.000, 2732394234.000, 33598.000, 3417402645.000, 443.000, 10.000]
	1.0: [1:2732394234.000, 2:51817.000, 3:3417402645.000, 4:443.000, 5:10.000]
	1.0: [1:2732394234.000, 2:51817.000, 3:3417402645.000, 4:443.000, 5:10.000]
	1.0: [1:2732394234.000, 2:51817.000, 3:3417402645.000, 4:443.000, 5:10.000]
	1.0: [6.000, 2644468757.000, 43210.000, 3417402645.000, 443.000, 10.000]
	1.0: [6.000, 2644468757.000, 43210.000, 3417402645.000, 443.000, 10.000]
	1.0: [6.000, 2644468757.000, 34530.000, 3417402645.000, 443.000, 10.000]
	1.0: [6.000, 2644468757.000, 34530.000, 3417402645.000, 443.000, 10.000]
	1.0: [6.000, 2644468757.000, 34530.000, 3417402645.000, 443.000, 10.000]
	1.0: [6.000, 2644468757.000, 41896.000, 3417402645.000, 443.000, 10.000]
	1.0: [6.000, 2644468757.000, 41896.000, 3417402645.000, 443.000, 10.000]
	1.0: [6.000, 2644468757.000, 41896.000, 3417402645.000, 443.000, 10.000]
	1.0: [6.000, 2644468757.000, 50032.000, 3417402645.000, 443.000, 10.000]
	1.0: [6.000, 2644468757.000, 50032.000, 3417402645.000, 443.000, 10.000]
	1.0: [6.000, 2644468757.000, 50032.000, 3417402645.000, 443.000, 10.000]
	1.0: [6.000, 2644468757.000, 57778.000, 3417402645.000, 443.000, 10.000]
	1.0: [6.000, 2644468757.000, 57778.000, 3417402645.000, 443.000, 10.000]
	1.0: [6.000, 2644468757.000, 57778.000, 3417402645.000, 443.000, 10.000]
	1.0: [6.000, 2644468757.000, 36684.000, 3417402645.000, 443.000, 10.000]
	1.0: [6.000, 2644468757.000, 36684.000, 3417402645.000, 443.000, 10.000]
	1.0: [6.000, 2644468757.000, 36684.000, 3417402645.000, 443.000, 10.000]
	1.0: [6.000, 2644468757.000, 45134.000, 3417402645.000, 443.000, 10.000]
	1.0: [6.000, 2644468757.000, 45134.000, 3417402645.000, 443.000, 10.000]
	1.0: [6.000, 2644468757.000, 45134.000, 3417402645.000, 443.000, 10.000]
	1.0: [6.000, 2644468757.000, 51837.000, 3417402645.000, 443.000, 10.000]
	1.0: [6.000, 2644468757.000, 51837.000, 3417402645.000, 443.000, 10.000]
	1.0: [6.000, 2644468757.000, 51837.000, 3417402645.000, 443.000, 10.000]
	1.0: [7.000, 2644468757.000, 59155.000, 3417402645.000, 443.000, 10.000]
	1.0: [7.000, 2644468757.000, 59155.000, 3417402645.000, 443.000, 10.000]
	1.0: [7.000, 2644468757.000, 59155.000, 3417402645.000, 443.000, 10.000]
	1.0: [7.000, 2644468757.000, 38722.000, 3417402645.000, 443.000, 10.000]
	1.0: [7.000, 2644468757.000, 38722.000, 3417402645.000, 443.000, 10.000]
	1.0: [7.000, 2644468757.000, 38722.000, 3417402645.000, 443.000, 10.000]
	1.0: [7.000, 2644468757.000, 45590.000, 3417402645.000, 443.000, 10.000]
	1.0: [7.000, 2644468757.000, 45590.000, 3417402645.000, 443.000, 10.000]
	1.0: [7.000, 2644468757.000, 45590.000, 3417402645.000, 443.000, 10.000]
	1.0: [7.000, 2644468757.000, 52540.000, 3417402645.000, 443.000, 10.000]
	1.0: [7.000, 2644468757.000, 52540.000, 3417402645.000, 443.000, 10.000]
	1.0: [7.000, 2644468757.000, 52540.000, 3417402645.000, 443.000, 10.000]
	1.0: [17.000, 2731874340.000, 47036.000, 3417402645.000, 80.000, 10.000]
	1.0: [17.000, 2731874340.000, 47036.000, 3417402645.000, 80.000, 10.000]
	1.0: [11.000, 2731874340.000, 31217.000, 3417402645.000, 80.000, 10.000]
	1.0: [11.000, 2731874340.000, 31217.000, 3417402645.000, 80.000, 10.000]
	1.0: [6.000, 2731874340.000, 60068.000, 3417402645.000, 80.000, 10.000]
	1.0: [6.000, 2731874340.000, 60068.000, 3417402645.000, 80.000, 10.000]
	1.0: [6.000, 2731874340.000, 60068.000, 3417402645.000, 80.000, 10.000]
	1.0: [6.000, 2731874340.000, 60068.000, 3417402645.000, 80.000, 10.000]
	1.0: [11.000, 2733888614.000, 49272.000, 3417402645.000, 80.000, 10.000]
	1.0: [11.000, 2733888614.000, 49272.000, 3417402645.000, 80.000, 10.000]
	1.0: [12.000, 2733888614.000, 36566.000, 3417402645.000, 80.000, 10.000]
	1.0: [12.000, 2733888614.000, 36566.000, 3417402645.000, 80.000, 10.000]
	1.0: [12.000, 2733888614.000, 36566.000, 3417402645.000, 80.000, 10.000]
	1.0: [12.000, 2733888614.000, 36566.000, 3417402645.000, 80.000, 10.000]
VL-34{n=3 c=[12.000, 3417402628.000, 67.000, 3417402645.000, 68.000, 5.000] r=[]}
	Weight : [props - optional]:  Point:
	1.0: [12.000, 3417402628.000, 67.000, 3417402645.000, 68.000, 5.000]
	1.0: [12.000, 3417402628.000, 67.000, 3417402645.000, 68.000, 5.000]
	1.0: [12.000, 3417402628.000, 67.000, 3417402645.000, 68.000, 5.000]
VL-2{n=49 c=[15.000, 3417402628.000, 67.000, 3417402645.000, 68.000, 5.000] r=[1:NaN, 3:83.592]}
	Weight : [props - optional]:  Point:
	1.0: [15.000, 3417402628.000, 67.000, 3417402645.000, 68.000, 5.000]
	1.0: [15.000, 3417402628.000, 67.000, 3417402645.000, 68.000, 5.000]
	1.0: [15.000, 3417402628.000, 67.000, 3417402645.000, 68.000, 5.000]
	1.0: [15.000, 3417402628.000, 67.000, 3417402645.000, 68.000, 5.000]
	1.0: [15.000, 3417402628.000, 67.000, 3417402645.000, 68.000, 5.000]
	1.0: [15.000, 3417402628.000, 67.000, 3417402645.000, 68.000, 5.000]
	1.0: [15.000, 3417402628.000, 67.000, 3417402645.000, 68.000, 5.000]
	1.0: [15.000, 3417402628.000, 67.000, 3417402645.000, 68.000, 5.000]
	1.0: [15.000, 3417402628.000, 67.000, 3417402645.000, 68.000, 5.000]
	1.0: [15.000, 3417402628.000, 67.000, 3417402645.000, 68.000, 5.000]
	1.0: [15.000, 3417402628.000, 67.000, 3417402645.000, 68.000, 5.000]
	1.0: [15.000, 3417402628.000, 67.000, 3417402645.000, 68.000, 5.000]
	1.0: [15.000, 3417402628.000, 67.000, 3417402645.000, 68.000, 5.000]
	1.0: [15.000, 3417402628.000, 67.000, 3417402645.000, 68.000, 5.000]
	1.0: [15.000, 3417402628.000, 67.000, 3417402645.000, 68.000, 5.000]
	1.0: [15.000, 3417402628.000, 67.000, 3417402645.000, 68.000, 5.000]
	1.0: [15.000, 3417402628.000, 67.000, 3417402645.000, 68.000, 5.000]
	1.0: [15.000, 3417402628.000, 67.000, 3417402645.000, 68.000, 5.000]
	1.0: [15.000, 3417402628.000, 67.000, 3417402645.000, 68.000, 5.000]
	1.0: [15.000, 3417402628.000, 67.000, 3417402645.000, 68.000, 5.000]
	1.0: [15.000, 3417402628.000, 67.000, 3417402645.000, 68.000, 5.000]
	1.0: [15.000, 3417402628.000, 67.000, 3417402645.000, 68.000, 5.000]
	1.0: [15.000, 3417402628.000, 67.000, 3417402645.000, 68.000, 5.000]
	1.0: [15.000, 3417402628.000, 67.000, 3417402645.000, 68.000, 5.000]
	1.0: [15.000, 3417402628.000, 67.000, 3417402645.000, 68.000, 5.000]
	1.0: [15.000, 3417402628.000, 67.000, 3417402645.000, 68.000, 5.000]
	1.0: [15.000, 3417402628.000, 67.000, 3417402645.000, 68.000, 5.000]
	1.0: [15.000, 3417402628.000, 67.000, 3417402645.000, 68.000, 5.000]
	1.0: [15.000, 3417402628.000, 67.000, 3417402645.000, 68.000, 5.000]
	1.0: [15.000, 3417402628.000, 67.000, 3417402645.000, 68.000, 5.000]
	1.0: [15.000, 3417402628.000, 67.000, 3417402645.000, 68.000, 5.000]
	1.0: [15.000, 3417402628.000, 67.000, 3417402645.000, 68.000, 5.000]
	1.0: [15.000, 3417402628.000, 67.000, 3417402645.000, 68.000, 5.000]
	1.0: [15.000, 3417402628.000, 67.000, 3417402645.000, 68.000, 5.000]
	1.0: [15.000, 3417402628.000, 67.000, 3417402645.000, 68.000, 5.000]
	1.0: [15.000, 3417402628.000, 67.000, 3417402645.000, 68.000, 5.000]
	1.0: [15.000, 3417402628.000, 67.000, 3417402645.000, 68.000, 5.000]
	1.0: [15.000, 3417402628.000, 67.000, 3417402645.000, 68.000, 5.000]
	1.0: [15.000, 3417402628.000, 67.000, 3417402645.000, 68.000, 5.000]
	1.0: [15.000, 3417402628.000, 67.000, 3417402645.000, 68.000, 5.000]
	1.0: [15.000, 3417402628.000, 67.000, 3417402645.000, 68.000, 5.000]
	1.0: [15.000, 3417402628.000, 67.000, 3417402645.000, 68.000, 5.000]
	1.0: [15.000, 3417402628.000, 67.000, 3417402645.000, 68.000, 5.000]
	1.0: [15.000, 3417402628.000, 67.000, 3417402645.000, 68.000, 5.000]
	1.0: [15.000, 3417402628.000, 67.000, 3417402645.000, 68.000, 5.000]
	1.0: [15.000, 3417402628.000, 67.000, 3417402645.000, 68.000, 5.000]
	1.0: [15.000, 3417402628.000, 67.000, 3417402645.000, 68.000, 5.000]
	1.0: [15.000, 3417402628.000, 67.000, 3417402645.000, 68.000, 5.000]
	1.0: [15.000, 3417402628.000, 67.000, 3417402645.000, 68.000, 5.000]
VL-5{n=0 c=[15.000, 3417402628.000, 67.000, 3417402645.000, 68.000, 5.000] r=[]}
VL-7{n=1 c=[18.000, 3396350783.000, 24585.000, 3417402645.000, 53.000, 5.000] r=[0:0.540, 1:3006753.707, 2:3501.811, 3:73.901, 4:2.142]}
	Weight : [props - optional]:  Point:
	1.0: [18.000, 3396350783.000, 24585.000, 3417402645.000, 53.000, 5.000]
VL-32{n=16 c=[11.000, 1431442766.000, 33341.438, 3417402645.000, 306.875, 10.000] r=[0:6.164, 1:13628174.205, 2:11372.288, 3:64.000, 4:175.737]}
	Weight : [props - optional]:  Point:
	1.0: [13.000, 1434745589.000, 54154.000, 3417402645.000, 80.000, 10.000]
	1.0: [13.000, 1434745589.000, 54154.000, 3417402645.000, 80.000, 10.000]
	1.0: [2.000, 1440146523.000, 18860.000, 3417402645.000, 443.000, 10.000]
	1.0: [2.000, 1440146523.000, 18860.000, 3417402645.000, 443.000, 10.000]
	1.0: [3.000, 1440146523.000, 43162.000, 3417402645.000, 443.000, 10.000]
	1.0: [3.000, 1440146523.000, 43162.000, 3417402645.000, 443.000, 10.000]
	1.0: [3.000, 1440146523.000, 43162.000, 3417402645.000, 443.000, 10.000]
	1.0: [12.000, 1408031962.000, 29726.000, 3417402645.000, 80.000, 10.000]
	1.0: [12.000, 1408031962.000, 29726.000, 3417402645.000, 80.000, 10.000]
	1.0: [12.000, 1408031962.000, 29726.000, 3417402645.000, 80.000, 10.000]
	1.0: [12.000, 1408031962.000, 29726.000, 3417402645.000, 80.000, 10.000]
	1.0: [16.000, 1440146523.000, 18500.000, 3417402645.000, 443.000, 10.000]
	1.0: [16.000, 1440146523.000, 18500.000, 3417402645.000, 443.000, 10.000]
	1.0: [19.000, 1440146523.000, 34015.000, 3417402645.000, 443.000, 10.000]
	1.0: [19.000, 1440146523.000, 34015.000, 3417402645.000, 443.000, 10.000]
	1.0: [19.000, 1440146523.000, 34015.000, 3417402645.000, 443.000, 10.000]
VL-29{n=33 c=[12.970, 3552899163.091, 34350.242, 3417402645.000, 135.000, 10.000] r=[0:4.026, 1:13027978.827, 2:10737.211, 3:76.008, 4:130.154]}
	Weight : [props - optional]:  Point:
	1.0: [10.000, 3547552124.000, 3837.000, 3417402645.000, 80.000, 10.000]
	1.0: [10.000, 3547552124.000, 3837.000, 3417402645.000, 80.000, 10.000]
	1.0: [11.000, 3547552124.000, 33061.000, 3417402645.000, 80.000, 10.000]
	1.0: [11.000, 3547552124.000, 33061.000, 3417402645.000, 80.000, 10.000]
	1.0: [11.000, 3547552124.000, 33061.000, 3417402645.000, 80.000, 10.000]
	1.0: [11.000, 3547552124.000, 33061.000, 3417402645.000, 80.000, 10.000]
	1.0: [11.000, 3547552124.000, 33179.000, 3417402645.000, 80.000, 10.000]
	1.0: [11.000, 3547552124.000, 33179.000, 3417402645.000, 80.000, 10.000]
	1.0: [11.000, 3547552124.000, 33179.000, 3417402645.000, 80.000, 10.000]
	1.0: [11.000, 3547552124.000, 33179.000, 3417402645.000, 80.000, 10.000]
	1.0: [11.000, 3547552124.000, 33343.000, 3417402645.000, 80.000, 10.000]
	1.0: [11.000, 3547552124.000, 33343.000, 3417402645.000, 80.000, 10.000]
	1.0: [11.000, 3547552124.000, 33343.000, 3417402645.000, 80.000, 10.000]
	1.0: [11.000, 3547552124.000, 33343.000, 3417402645.000, 80.000, 10.000]
	1.0: [11.000, 3547552124.000, 33508.000, 3417402645.000, 80.000, 10.000]
	1.0: [11.000, 3547552124.000, 33508.000, 3417402645.000, 80.000, 10.000]
	1.0: [11.000, 3547552124.000, 33508.000, 3417402645.000, 80.000, 10.000]
	1.0: [11.000, 3547552124.000, 33508.000, 3417402645.000, 80.000, 10.000]
	1.0: [11.000, 3547552124.000, 33714.000, 3417402645.000, 80.000, 10.000]
	1.0: [11.000, 3547552124.000, 33714.000, 3417402645.000, 80.000, 10.000]
	1.0: [11.000, 3547552124.000, 33714.000, 3417402645.000, 80.000, 10.000]
	1.0: [11.000, 3547552124.000, 33714.000, 3417402645.000, 80.000, 10.000]
	1.0: [11.000, 3547552124.000, 33925.000, 3417402645.000, 80.000, 10.000]
	1.0: [11.000, 3547552124.000, 33925.000, 3417402645.000, 80.000, 10.000]
	1.0: [11.000, 3547552124.000, 33925.000, 3417402645.000, 80.000, 10.000]
	1.0: [11.000, 3547552124.000, 33925.000, 3417402645.000, 80.000, 10.000]
	1.0: [18.000, 3545395559.000, 63844.000, 3417402645.000, 80.000, 10.000]
	1.0: [18.000, 3545395559.000, 63844.000, 3417402645.000, 80.000, 10.000]
	1.0: [21.000, 3583705208.000, 43656.000, 3417402645.000, 443.000, 10.000]
	1.0: [21.000, 3583705208.000, 43656.000, 3417402645.000, 443.000, 10.000]
	1.0: [22.000, 3583705208.000, 35988.000, 3417402645.000, 443.000, 10.000]
	1.0: [22.000, 3583705208.000, 35988.000, 3417402645.000, 443.000, 10.000]
	1.0: [22.000, 3583705208.000, 35988.000, 3417402645.000, 443.000, 10.000]
VL-10{n=8 c=[17.750, 3703458556.750, 19316.500, 3417402645.000, 80.000, 10.000] r=[0:2.278, 1:2283211.473, 2:20061.189]}
	Weight : [props - optional]:  Point:
	1.0: [16.000, 3707337779.000, 5701.000, 3417402645.000, 80.000, 10.000]
	1.0: [16.000, 3707337779.000, 5701.000, 3417402645.000, 80.000, 10.000]
	1.0: [15.000, 3702890158.000, 53995.000, 3417402645.000, 80.000, 10.000]
	1.0: [15.000, 3702890158.000, 53995.000, 3417402645.000, 80.000, 10.000]
	1.0: [20.000, 3701803145.000, 8785.000, 3417402645.000, 80.000, 10.000]
	1.0: [20.000, 3701803145.000, 8785.000, 3417402645.000, 80.000, 10.000]
	1.0: [20.000, 3701803145.000, 8785.000, 3417402645.000, 80.000, 10.000]
	1.0: [20.000, 3701803145.000, 8785.000, 3417402645.000, 80.000, 10.000]
VL-19{n=2 c=[1:3344118766.000, 2:43154.000, 3:3417402645.000, 4:443.000, 5:10.000] r=[]}
	Weight : [props - optional]:  Point:
	1.0: [1:3344118766.000, 2:43154.000, 3:3417402645.000, 4:443.000, 5:10.000]
	1.0: [1:3344118766.000, 2:43154.000, 3:3417402645.000, 4:443.000, 5:10.000]
VL-1{n=0 c=[15.000, 3417402628.000, 67.000, 3417402645.000, 68.000, 5.000] r=[]}
VL-36{n=19 c=[13.000, 3417402628.000, 67.000, 3417402645.000, 68.000, 5.000] r=[1:53.895, 3:53.895]}
	Weight : [props - optional]:  Point:
	1.0: [13.000, 3417402628.000, 67.000, 3417402645.000, 68.000, 5.000]
	1.0: [13.000, 3417402628.000, 67.000, 3417402645.000, 68.000, 5.000]
	1.0: [13.000, 3417402628.000, 67.000, 3417402645.000, 68.000, 5.000]
	1.0: [13.000, 3417402628.000, 67.000, 3417402645.000, 68.000, 5.000]
	1.0: [13.000, 3417402628.000, 67.000, 3417402645.000, 68.000, 5.000]
	1.0: [13.000, 3417402628.000, 67.000, 3417402645.000, 68.000, 5.000]
	1.0: [13.000, 3417402628.000, 67.000, 3417402645.000, 68.000, 5.000]
	1.0: [13.000, 3417402628.000, 67.000, 3417402645.000, 68.000, 5.000]
	1.0: [13.000, 3417402628.000, 67.000, 3417402645.000, 68.000, 5.000]
	1.0: [13.000, 3417402628.000, 67.000, 3417402645.000, 68.000, 5.000]
	1.0: [13.000, 3417402628.000, 67.000, 3417402645.000, 68.000, 5.000]
	1.0: [13.000, 3417402628.000, 67.000, 3417402645.000, 68.000, 5.000]
	1.0: [13.000, 3417402628.000, 67.000, 3417402645.000, 68.000, 5.000]
	1.0: [13.000, 3417402628.000, 67.000, 3417402645.000, 68.000, 5.000]
	1.0: [13.000, 3417402628.000, 67.000, 3417402645.000, 68.000, 5.000]
	1.0: [13.000, 3417402628.000, 67.000, 3417402645.000, 68.000, 5.000]
	1.0: [13.000, 3417402628.000, 67.000, 3417402645.000, 68.000, 5.000]
	1.0: [13.000, 3417402628.000, 67.000, 3417402645.000, 68.000, 5.000]
	1.0: [13.000, 3417402628.000, 67.000, 3417402645.000, 68.000, 5.000]
VL-33{n=0 c=[13.000, 3417402628.000, 67.000, 3417402645.000, 68.000, 5.000] r=[]}
VL-8{n=21 c=[17.000, 3417402628.000, 67.000, 3417402645.000, 68.000, 5.000] r=[1:68.960, 3:48.762]}
	Weight : [props - optional]:  Point:
	1.0: [17.000, 3417402628.000, 67.000, 3417402645.000, 68.000, 5.000]
	1.0: [17.000, 3417402628.000, 67.000, 3417402645.000, 68.000, 5.000]
	1.0: [17.000, 3417402628.000, 67.000, 3417402645.000, 68.000, 5.000]
	1.0: [17.000, 3417402628.000, 67.000, 3417402645.000, 68.000, 5.000]
	1.0: [17.000, 3417402628.000, 67.000, 3417402645.000, 68.000, 5.000]
	1.0: [17.000, 3417402628.000, 67.000, 3417402645.000, 68.000, 5.000]
	1.0: [17.000, 3417402628.000, 67.000, 3417402645.000, 68.000, 5.000]
	1.0: [17.000, 3417402628.000, 67.000, 3417402645.000, 68.000, 5.000]
	1.0: [17.000, 3417402628.000, 67.000, 3417402645.000, 68.000, 5.000]
	1.0: [17.000, 3417402628.000, 67.000, 3417402645.000, 68.000, 5.000]
	1.0: [17.000, 3417402628.000, 67.000, 3417402645.000, 68.000, 5.000]
	1.0: [17.000, 3417402628.000, 67.000, 3417402645.000, 68.000, 5.000]
	1.0: [17.000, 3417402628.000, 67.000, 3417402645.000, 68.000, 5.000]
	1.0: [17.000, 3417402628.000, 67.000, 3417402645.000, 68.000, 5.000]
	1.0: [17.000, 3417402628.000, 67.000, 3417402645.000, 68.000, 5.000]
	1.0: [17.000, 3417402628.000, 67.000, 3417402645.000, 68.000, 5.000]
	1.0: [17.000, 3417402628.000, 67.000, 3417402645.000, 68.000, 5.000]
	1.0: [17.000, 3417402628.000, 67.000, 3417402645.000, 68.000, 5.000]
	1.0: [17.000, 3417402628.000, 67.000, 3417402645.000, 68.000, 5.000]
	1.0: [17.000, 3417402628.000, 67.000, 3417402645.000, 68.000, 5.000]
	1.0: [17.000, 3417402628.000, 67.000, 3417402645.000, 68.000, 5.000]
VL-16{n=4 c=[5.250, 636535775.000, 17598.000, 3417402645.000, 345.500, 8.750] r=[0:5.629, 1:723858.673, 2:11755.429, 4:168.875, 5:2.165]}
	Weight : [props - optional]:  Point:
	1.0: [2.000, 636953695.000, 10811.000, 3417402645.000, 443.000, 10.000]
	1.0: [2.000, 636953695.000, 10811.000, 3417402645.000, 443.000, 10.000]
	1.0: [2.000, 636953695.000, 10811.000, 3417402645.000, 443.000, 10.000]
	1.0: [15.000, 635282015.000, 37959.000, 3417402645.000, 53.000, 5.000]
VL-14{n=18 c=[12.000, 1046340777.333, 36966.889, 3417402645.000, 78.500, 9.722] r=[6.616, 37449336.317, 28430.201, 56.889, 6.185, 1.145]}
	Weight : [props - optional]:  Point:
	1.0: [5.000, 1037698514.000, 55822.000, 3417402645.000, 80.000, 10.000]
	1.0: [5.000, 1037698514.000, 55822.000, 3417402645.000, 80.000, 10.000]
	1.0: [16.000, 1089295161.000, 1617.000, 3417402645.000, 80.000, 10.000]
	1.0: [16.000, 1089295161.000, 1617.000, 3417402645.000, 80.000, 10.000]
	1.0: [16.000, 1089295161.000, 1617.000, 3417402645.000, 80.000, 10.000]
	1.0: [16.000, 1089295161.000, 1620.000, 3417402645.000, 80.000, 10.000]
	1.0: [16.000, 1089295161.000, 1620.000, 3417402645.000, 80.000, 10.000]
	1.0: [16.000, 1089295161.000, 1620.000, 3417402645.000, 80.000, 10.000]
	1.0: [16.000, 1089295161.000, 1620.000, 3417402645.000, 80.000, 10.000]
	1.0: [17.000, 1038576670.000, 64372.000, 3417402645.000, 80.000, 10.000]
	1.0: [17.000, 1038576670.000, 64372.000, 3417402645.000, 80.000, 10.000]
	1.0: [12.000, 1045155821.000, 48925.000, 3417402645.000, 53.000, 5.000]
	1.0: [2.000, 997771015.000, 62624.000, 3417402645.000, 80.000, 10.000]
	1.0: [2.000, 997771015.000, 62624.000, 3417402645.000, 80.000, 10.000]
	1.0: [2.000, 997771015.000, 62624.000, 3417402645.000, 80.000, 10.000]
	1.0: [2.000, 997771015.000, 62624.000, 3417402645.000, 80.000, 10.000]
	1.0: [20.000, 1010138808.000, 57132.000, 3417402645.000, 80.000, 10.000]
	1.0: [20.000, 1010138808.000, 57132.000, 3417402645.000, 80.000, 10.000]
VL-27{n=46 c=[14.739, 2327578984.065, 46181.304, 3417402645.000, 245.130, 9.891] r=[5.326, 72020641.859, 14215.816, 77.114, 181.392, 0.729]}
	Weight : [props - optional]:  Point:
	1.0: [14.000, 2307338335.000, 5528.000, 3417402645.000, 80.000, 10.000]
	1.0: [14.000, 2307338335.000, 5528.000, 3417402645.000, 80.000, 10.000]
	1.0: [21.000, 2181098769.000, 54626.000, 3417402645.000, 80.000, 10.000]
	1.0: [21.000, 2181098769.000, 54626.000, 3417402645.000, 80.000, 10.000]
	1.0: [21.000, 2181098769.000, 54626.000, 3417402645.000, 80.000, 10.000]
	1.0: [21.000, 2181098769.000, 54626.000, 3417402645.000, 80.000, 10.000]
	1.0: [4.000, 2257832819.000, 10567.000, 3417402645.000, 53.000, 5.000]
	1.0: [17.000, 2194656056.000, 41411.000, 3417402645.000, 443.000, 10.000]
	1.0: [17.000, 2194656056.000, 41411.000, 3417402645.000, 443.000, 10.000]
	1.0: [1.000, 2379512144.000, 52482.000, 3417402645.000, 443.000, 10.000]
	1.0: [1.000, 2379512144.000, 52482.000, 3417402645.000, 443.000, 10.000]
	1.0: [22.000, 2379512144.000, 37526.000, 3417402645.000, 443.000, 10.000]
	1.0: [22.000, 2379512144.000, 37526.000, 3417402645.000, 443.000, 10.000]
	1.0: [7.000, 2379512144.000, 42120.000, 3417402645.000, 443.000, 10.000]
	1.0: [7.000, 2379512144.000, 42120.000, 3417402645.000, 443.000, 10.000]
	1.0: [10.000, 2379512144.000, 39849.000, 3417402645.000, 443.000, 10.000]
	1.0: [10.000, 2379512144.000, 39849.000, 3417402645.000, 443.000, 10.000]
	1.0: [10.000, 2379512074.000, 25392.000, 3417402645.000, 443.000, 10.000]
	1.0: [10.000, 2379512074.000, 25392.000, 3417402645.000, 443.000, 10.000]
	1.0: [10.000, 2379512074.000, 25392.000, 3417402645.000, 443.000, 10.000]
	1.0: [22.000, 2194656056.000, 49741.000, 3417402645.000, 443.000, 10.000]
	1.0: [22.000, 2194656056.000, 49741.000, 3417402645.000, 443.000, 10.000]
	1.0: [22.000, 2194656056.000, 49741.000, 3417402645.000, 443.000, 10.000]
	1.0: [14.000, 2357014141.000, 56522.000, 3417402645.000, 80.000, 10.000]
	1.0: [14.000, 2357014141.000, 56522.000, 3417402645.000, 80.000, 10.000]
	1.0: [14.000, 2357014141.000, 56567.000, 3417402645.000, 80.000, 10.000]
	1.0: [14.000, 2357014141.000, 56567.000, 3417402645.000, 80.000, 10.000]
	1.0: [14.000, 2357014141.000, 56567.000, 3417402645.000, 80.000, 10.000]
	1.0: [14.000, 2357014141.000, 56567.000, 3417402645.000, 80.000, 10.000]
	1.0: [14.000, 2357014141.000, 57261.000, 3417402645.000, 80.000, 10.000]
	1.0: [14.000, 2357014141.000, 57261.000, 3417402645.000, 80.000, 10.000]
	1.0: [14.000, 2357014141.000, 57261.000, 3417402645.000, 80.000, 10.000]
	1.0: [14.000, 2357014141.000, 57261.000, 3417402645.000, 80.000, 10.000]
	1.0: [14.000, 2357014141.000, 57382.000, 3417402645.000, 80.000, 10.000]
	1.0: [14.000, 2357014141.000, 57382.000, 3417402645.000, 80.000, 10.000]
	1.0: [14.000, 2357014141.000, 57382.000, 3417402645.000, 80.000, 10.000]
	1.0: [14.000, 2357014141.000, 57382.000, 3417402645.000, 80.000, 10.000]
	1.0: [14.000, 2357014141.000, 57468.000, 3417402645.000, 80.000, 10.000]
	1.0: [14.000, 2357014141.000, 57468.000, 3417402645.000, 80.000, 10.000]
	1.0: [14.000, 2357014141.000, 57468.000, 3417402645.000, 80.000, 10.000]
	1.0: [14.000, 2357014141.000, 57468.000, 3417402645.000, 80.000, 10.000]
	1.0: [20.000, 2379512144.000, 52149.000, 3417402645.000, 443.000, 10.000]
	1.0: [20.000, 2379512144.000, 52149.000, 3417402645.000, 443.000, 10.000]
	1.0: [20.000, 2379512074.000, 33328.000, 3417402645.000, 443.000, 10.000]
	1.0: [20.000, 2379512074.000, 33328.000, 3417402645.000, 443.000, 10.000]
	1.0: [20.000, 2379512074.000, 33328.000, 3417402645.000, 443.000, 10.000]
VL-9{n=26 c=[16.000, 3417402628.000, 67.000, 3417402645.000, 68.000, 5.000] r=[1:55.698, 3:68.216]}
	Weight : [props - optional]:  Point:
	1.0: [16.000, 3417402628.000, 67.000, 3417402645.000, 68.000, 5.000]
	1.0: [16.000, 3417402628.000, 67.000, 3417402645.000, 68.000, 5.000]
	1.0: [16.000, 3417402628.000, 67.000, 3417402645.000, 68.000, 5.000]
	1.0: [16.000, 3417402628.000, 67.000, 3417402645.000, 68.000, 5.000]
	1.0: [16.000, 3417402628.000, 67.000, 3417402645.000, 68.000, 5.000]
	1.0: [16.000, 3417402628.000, 67.000, 3417402645.000, 68.000, 5.000]
	1.0: [16.000, 3417402628.000, 67.000, 3417402645.000, 68.000, 5.000]
	1.0: [16.000, 3417402628.000, 67.000, 3417402645.000, 68.000, 5.000]
	1.0: [16.000, 3417402628.000, 67.000, 3417402645.000, 68.000, 5.000]
	1.0: [16.000, 3417402628.000, 67.000, 3417402645.000, 68.000, 5.000]
	1.0: [16.000, 3417402628.000, 67.000, 3417402645.000, 68.000, 5.000]
	1.0: [16.000, 3417402628.000, 67.000, 3417402645.000, 68.000, 5.000]
	1.0: [16.000, 3417402628.000, 67.000, 3417402645.000, 68.000, 5.000]
	1.0: [16.000, 3417402628.000, 67.000, 3417402645.000, 68.000, 5.000]
	1.0: [16.000, 3417402628.000, 67.000, 3417402645.000, 68.000, 5.000]
	1.0: [16.000, 3417402628.000, 67.000, 3417402645.000, 68.000, 5.000]
	1.0: [16.000, 3417402628.000, 67.000, 3417402645.000, 68.000, 5.000]
	1.0: [16.000, 3417402628.000, 67.000, 3417402645.000, 68.000, 5.000]
	1.0: [16.000, 3417402628.000, 67.000, 3417402645.000, 68.000, 5.000]
	1.0: [16.000, 3417402628.000, 67.000, 3417402645.000, 68.000, 5.000]
	1.0: [16.000, 3417402628.000, 67.000, 3417402645.000, 68.000, 5.000]
	1.0: [16.000, 3417402628.000, 67.000, 3417402645.000, 68.000, 5.000]
	1.0: [16.000, 3417402628.000, 67.000, 3417402645.000, 68.000, 5.000]
	1.0: [16.000, 3417402628.000, 67.000, 3417402645.000, 68.000, 5.000]
	1.0: [16.000, 3417402628.000, 67.000, 3417402645.000, 68.000, 5.000]
	1.0: [16.000, 3417402628.000, 67.000, 3417402645.000, 68.000, 5.000]
VL-20{n=3 c=[1.000, 3344118766.000, 50320.000, 3417402645.000, 443.000, 10.000] r=[]}
	Weight : [props - optional]:  Point:
	1.0: [1.000, 3344118766.000, 50320.000, 3417402645.000, 443.000, 10.000]
	1.0: [1.000, 3344118766.000, 50320.000, 3417402645.000, 443.000, 10.000]
	1.0: [1.000, 3344118766.000, 50320.000, 3417402645.000, 443.000, 10.000]
VL-11{n=10 c=[8.600, 3729757382.200, 28397.800, 3417402645.000, 80.000, 10.000] r=[0:6.086, 1:4971722.660, 2:14669.979, 3:36.204]}
	Weight : [props - optional]:  Point:
	1.0: [19.000, 3735096405.000, 38906.000, 3417402645.000, 80.000, 10.000]
	1.0: [19.000, 3735096405.000, 38906.000, 3417402645.000, 80.000, 10.000]
	1.0: [11.000, 3721439415.000, 2440.000, 3417402645.000, 80.000, 10.000]
	1.0: [11.000, 3721439415.000, 2440.000, 3417402645.000, 80.000, 10.000]
	1.0: [1.000, 3726839835.000, 45443.000, 3417402645.000, 80.000, 10.000]
	1.0: [1.000, 3726839835.000, 45443.000, 3417402645.000, 80.000, 10.000]
	1.0: [6.000, 3732705628.000, 27600.000, 3417402645.000, 80.000, 10.000]
	1.0: [6.000, 3732705628.000, 27600.000, 3417402645.000, 80.000, 10.000]
	1.0: [6.000, 3732705628.000, 27600.000, 3417402645.000, 80.000, 10.000]
	1.0: [6.000, 3732705628.000, 27600.000, 3417402645.000, 80.000, 10.000]
VL-37{n=0 c=[13.000, 3417402628.000, 67.000, 3417402645.000, 68.000, 5.000] r=[]}
VL-31{n=10 c=[11.800, 1383924415.600, 39361.500, 3417402645.000, 71.900, 9.500] r=[2.400, 12172664.114, 19487.380, 36.204, 12.373, 1.500]}
	Weight : [props - optional]:  Point:
	1.0: [11.000, 1387312680.000, 47440.000, 3417402645.000, 80.000, 10.000]
	1.0: [11.000, 1387312680.000, 47440.000, 3417402645.000, 80.000, 10.000]
	1.0: [11.000, 1387312680.000, 47440.000, 3417402645.000, 80.000, 10.000]
	1.0: [11.000, 1387312680.000, 47453.000, 3417402645.000, 80.000, 10.000]
	1.0: [11.000, 1387312680.000, 47453.000, 3417402645.000, 80.000, 10.000]
	1.0: [11.000, 1387312680.000, 47453.000, 3417402645.000, 80.000, 10.000]
	1.0: [11.000, 1387312680.000, 47453.000, 3417402645.000, 80.000, 10.000]
	1.0: [19.000, 1347571286.000, 59413.000, 3417402645.000, 53.000, 5.000]
	1.0: [11.000, 1390242055.000, 1035.000, 3417402645.000, 53.000, 10.000]
	1.0: [11.000, 1390242055.000, 1035.000, 3417402645.000, 53.000, 10.000]
VL-3{n=0 c=[15.000, 3417402628.000, 67.000, 3417402645.000, 68.000, 5.000] r=[]}
VL-23{n=50 c=[15.100, 1569827938.760, 41055.380, 3417402645.000, 106.880, 9.600] r=[7.632, 55248488.006, 12549.807, 81.920, 99.385, 1.356]}
	Weight : [props - optional]:  Point:
	1.0: [3.000, 1652481762.000, 43105.000, 3417402645.000, 53.000, 5.000]
	1.0: [4.000, 1604808429.000, 56918.000, 3417402645.000, 80.000, 10.000]
	1.0: [4.000, 1604808429.000, 56918.000, 3417402645.000, 80.000, 10.000]
	1.0: [4.000, 1604808429.000, 56918.000, 3417402645.000, 80.000, 10.000]
	1.0: [4.000, 1604808429.000, 56918.000, 3417402645.000, 80.000, 10.000]
	1.0: [20.000, 1534661662.000, 55390.000, 3417402645.000, 80.000, 10.000]
	1.0: [20.000, 1534661662.000, 55390.000, 3417402645.000, 80.000, 10.000]
	1.0: [21.000, 1534661662.000, 39578.000, 3417402645.000, 80.000, 10.000]
	1.0: [21.000, 1534661662.000, 39578.000, 3417402645.000, 80.000, 10.000]
	1.0: [21.000, 1534661662.000, 39578.000, 3417402645.000, 80.000, 10.000]
	1.0: [21.000, 1534661662.000, 39578.000, 3417402645.000, 80.000, 10.000]
	1.0: [21.000, 1534661662.000, 40157.000, 3417402645.000, 80.000, 10.000]
	1.0: [21.000, 1534661662.000, 40157.000, 3417402645.000, 80.000, 10.000]
	1.0: [21.000, 1534661662.000, 40157.000, 3417402645.000, 80.000, 10.000]
	1.0: [21.000, 1534661662.000, 40157.000, 3417402645.000, 80.000, 10.000]
	1.0: [21.000, 1534661662.000, 40549.000, 3417402645.000, 80.000, 10.000]
	1.0: [21.000, 1534661662.000, 40549.000, 3417402645.000, 80.000, 10.000]
	1.0: [21.000, 1534661662.000, 40549.000, 3417402645.000, 80.000, 10.000]
	1.0: [21.000, 1534661662.000, 40549.000, 3417402645.000, 80.000, 10.000]
	1.0: [21.000, 1534661662.000, 41019.000, 3417402645.000, 80.000, 10.000]
	1.0: [21.000, 1534661662.000, 41019.000, 3417402645.000, 80.000, 10.000]
	1.0: [21.000, 1534661662.000, 41019.000, 3417402645.000, 80.000, 10.000]
	1.0: [21.000, 1534661662.000, 41019.000, 3417402645.000, 80.000, 10.000]
	1.0: [21.000, 1534661662.000, 41575.000, 3417402645.000, 80.000, 10.000]
	1.0: [21.000, 1534661662.000, 41575.000, 3417402645.000, 80.000, 10.000]
	1.0: [21.000, 1534661662.000, 41575.000, 3417402645.000, 80.000, 10.000]
	1.0: [21.000, 1534661662.000, 41575.000, 3417402645.000, 80.000, 10.000]
	1.0: [21.000, 1534661662.000, 42087.000, 3417402645.000, 80.000, 10.000]
	1.0: [21.000, 1534661662.000, 42087.000, 3417402645.000, 80.000, 10.000]
	1.0: [21.000, 1534661662.000, 42087.000, 3417402645.000, 80.000, 10.000]
	1.0: [21.000, 1534661662.000, 42087.000, 3417402645.000, 80.000, 10.000]
	1.0: [15.000, 1563677042.000, 59629.000, 3417402645.000, 80.000, 10.000]
	1.0: [15.000, 1563677042.000, 59629.000, 3417402645.000, 80.000, 10.000]
	1.0: [15.000, 1563677042.000, 59629.000, 3417402645.000, 80.000, 10.000]
	1.0: [15.000, 1563677042.000, 59629.000, 3417402645.000, 80.000, 10.000]
	1.0: [1:1583759342.000, 2:55117.000, 3:3417402645.000, 4:53.000, 5:5.000]
	1.0: [1.000, 1583759106.000, 51541.000, 3417402645.000, 53.000, 5.000]
	1.0: [1.000, 1509466852.000, 42206.000, 3417402645.000, 53.000, 5.000]
	1.0: [11.000, 1728901186.000, 18519.000, 3417402645.000, 80.000, 10.000]
	1.0: [11.000, 1728901186.000, 18519.000, 3417402645.000, 80.000, 10.000]
	1.0: [11.000, 1728901186.000, 18519.000, 3417402645.000, 80.000, 10.000]
	1.0: [11.000, 1728901186.000, 18519.000, 3417402645.000, 80.000, 10.000]
	1.0: [1.000, 1567150440.000, 19681.000, 3417402645.000, 80.000, 10.000]
	1.0: [1.000, 1567150440.000, 19681.000, 3417402645.000, 80.000, 10.000]
	1.0: [15.000, 1582091353.000, 45540.000, 3417402645.000, 80.000, 10.000]
	1.0: [15.000, 1582091353.000, 45540.000, 3417402645.000, 80.000, 10.000]
	1.0: [5.000, 1578641466.000, 38203.000, 3417402645.000, 443.000, 10.000]
	1.0: [5.000, 1578641466.000, 38203.000, 3417402645.000, 443.000, 10.000]
	1.0: [22.000, 1607706759.000, 11524.000, 3417402645.000, 443.000, 10.000]
	1.0: [22.000, 1607706759.000, 11524.000, 3417402645.000, 443.000, 10.000]
VL-25{n=7 c=[4.000, 3625473877.000, 44099.571, 3417402645.000, 80.000, 10.000] r=[1:NaN, 2:3.959, 3:NaN]}
	Weight : [props - optional]:  Point:
	1.0: [4.000, 3625473877.000, 44095.000, 3417402645.000, 80.000, 10.000]
	1.0: [4.000, 3625473877.000, 44095.000, 3417402645.000, 80.000, 10.000]
	1.0: [4.000, 3625473877.000, 44095.000, 3417402645.000, 80.000, 10.000]
	1.0: [4.000, 3625473877.000, 44103.000, 3417402645.000, 80.000, 10.000]
	1.0: [4.000, 3625473877.000, 44103.000, 3417402645.000, 80.000, 10.000]
	1.0: [4.000, 3625473877.000, 44103.000, 3417402645.000, 80.000, 10.000]
	1.0: [4.000, 3625473877.000, 44103.000, 3417402645.000, 80.000, 10.000]
VL-21{n=0 c=[1.000, 3344118766.000, 50320.000, 3417402645.000, 443.000, 10.000] r=[]}
VL-4{n=0 c=[15.000, 3417402628.000, 67.000, 3417402645.000, 68.000, 5.000] r=[]}
VL-13{n=24 c=[11.625, 3106038789.417, 47825.000, 3417402645.000, 71.000, 8.333] r=[5.992, 59443825.975, 9291.127, 60.340, 12.728, 2.357]}
	Weight : [props - optional]:  Point:
	1.0: [10.000, 3093924685.000, 50930.000, 3417402645.000, 53.000, 5.000]
	1.0: [17.000, 3002702366.000, 33225.000, 3417402645.000, 80.000, 10.000]
	1.0: [17.000, 3002702366.000, 33225.000, 3417402645.000, 80.000, 10.000]
	1.0: [19.000, 3184413459.000, 53158.000, 3417402645.000, 80.000, 10.000]
	1.0: [19.000, 3184413459.000, 53158.000, 3417402645.000, 80.000, 10.000]
	1.0: [19.000, 3184413459.000, 53158.000, 3417402645.000, 80.000, 10.000]
	1.0: [19.000, 3184413459.000, 53158.000, 3417402645.000, 80.000, 10.000]
	1.0: [1.000, 3029933171.000, 43570.000, 3417402645.000, 80.000, 10.000]
	1.0: [1.000, 3029933171.000, 43570.000, 3417402645.000, 80.000, 10.000]
	1.0: [1.000, 3029933171.000, 43570.000, 3417402645.000, 80.000, 10.000]
	1.0: [1.000, 3029933171.000, 43570.000, 3417402645.000, 80.000, 10.000]
	1.0: [10.000, 3093924685.000, 54763.000, 3417402645.000, 53.000, 5.000]
	1.0: [10.000, 3093924685.000, 38955.000, 3417402645.000, 53.000, 5.000]
	1.0: [10.000, 3093924685.000, 34709.000, 3417402645.000, 53.000, 5.000]
	1.0: [9.000, 3093924685.000, 45483.000, 3417402645.000, 53.000, 5.000]
	1.0: [12.000, 3157709073.000, 62744.000, 3417402645.000, 80.000, 10.000]
	1.0: [12.000, 3157709073.000, 62744.000, 3417402645.000, 80.000, 10.000]
	1.0: [12.000, 3157709073.000, 62744.000, 3417402645.000, 80.000, 10.000]
	1.0: [12.000, 3157709073.000, 62744.000, 3417402645.000, 80.000, 10.000]
	1.0: [19.000, 3149952961.000, 36867.000, 3417402645.000, 80.000, 10.000]
	1.0: [19.000, 3149952961.000, 36867.000, 3417402645.000, 80.000, 10.000]
	1.0: [10.000, 3093924685.000, 49248.000, 3417402645.000, 53.000, 5.000]
	1.0: [10.000, 3093924685.000, 45286.000, 3417402645.000, 53.000, 5.000]
	1.0: [10.000, 3093924685.000, 50354.000, 3417402645.000, 53.000, 5.000]
VL-15{n=13 c=[17.462, 919701556.154, 42351.231, 3417402645.000, 163.769, 10.000] r=[0:3.875, 1:1437078.654, 2:7902.876, 3:39.385, 4:152.941]}
	Weight : [props - optional]:  Point:
	1.0: [23.000, 919064807.000, 48162.000, 3417402645.000, 80.000, 10.000]
	1.0: [23.000, 919064807.000, 48162.000, 3417402645.000, 80.000, 10.000]
	1.0: [23.000, 919064807.000, 48162.000, 3417402645.000, 80.000, 10.000]
	1.0: [23.000, 919064807.000, 48162.000, 3417402645.000, 80.000, 10.000]
	1.0: [14.000, 919071227.000, 24301.000, 3417402645.000, 80.000, 10.000]
	1.0: [14.000, 919071227.000, 24301.000, 3417402645.000, 80.000, 10.000]
	1.0: [17.000, 918181764.000, 43632.000, 3417402645.000, 443.000, 10.000]
	1.0: [17.000, 918181764.000, 43632.000, 3417402645.000, 443.000, 10.000]
	1.0: [17.000, 918181764.000, 43632.000, 3417402645.000, 443.000, 10.000]
	1.0: [14.000, 921793314.000, 44605.000, 3417402645.000, 80.000, 10.000]
	1.0: [14.000, 921793314.000, 44605.000, 3417402645.000, 80.000, 10.000]
	1.0: [14.000, 921793314.000, 44605.000, 3417402645.000, 80.000, 10.000]
	1.0: [14.000, 921793314.000, 44605.000, 3417402645.000, 80.000, 10.000]
VL-18{n=0 c=[1:3344118766.000, 2:43154.000, 3:3417402645.000, 4:443.000, 5:10.000] r=[]}
VL-12{n=12 c=[18.833, 3325916335.667, 46032.167, 3417402645.000, 285.000, 9.583] r=[2.511, 3810281.001, 7395.965, 42.667, 187.143, 1.382]}
	Weight : [props - optional]:  Point:
	1.0: [20.000, 3331304885.000, 46527.000, 3417402645.000, 80.000, 10.000]
	1.0: [20.000, 3331304885.000, 46527.000, 3417402645.000, 80.000, 10.000]
	1.0: [16.000, 3323217226.000, 36619.000, 3417402645.000, 53.000, 10.000]
	1.0: [16.000, 3323217226.000, 36619.000, 3417402645.000, 53.000, 10.000]
	1.0: [16.000, 3323217226.000, 33706.000, 3417402645.000, 53.000, 5.000]
	1.0: [16.000, 3331304885.000, 58724.000, 3417402645.000, 443.000, 10.000]
	1.0: [16.000, 3331304885.000, 58724.000, 3417402645.000, 443.000, 10.000]
	1.0: [20.000, 3323224962.000, 47084.000, 3417402645.000, 443.000, 10.000]
	1.0: [20.000, 3323224962.000, 47084.000, 3417402645.000, 443.000, 10.000]
	1.0: [22.000, 3323224962.000, 46924.000, 3417402645.000, 443.000, 10.000]
	1.0: [22.000, 3323224962.000, 46924.000, 3417402645.000, 443.000, 10.000]
	1.0: [22.000, 3323224962.000, 46924.000, 3417402645.000, 443.000, 10.000]
VL-22{n=0 c=[1.000, 3344118766.000, 50320.000, 3417402645.000, 443.000, 10.000] r=[]}
VL-24{n=4 c=[7.500, 3676669156.500, 54216.500, 3417402645.000, 80.000, 10.000] r=[0:3.500, 1:3468704.500, 2:6093.500]}
	Weight : [props - optional]:  Point:
	1.0: [11.000, 3680137861.000, 60310.000, 3417402645.000, 80.000, 10.000]
	1.0: [11.000, 3680137861.000, 60310.000, 3417402645.000, 80.000, 10.000]
	1.0: [4.000, 3673200452.000, 48123.000, 3417402645.000, 80.000, 10.000]
	1.0: [4.000, 3673200452.000, 48123.000, 3417402645.000, 80.000, 10.000]
VL-26{n=67 c=[13.239, 1953517427.000, 42602.418, 3417402645.000, 90.836, 10.000] r=[0:8.482, 1:98668182.364, 2:16452.985, 3:NaN, 4:61.774]}
	Weight : [props - optional]:  Point:
	1.0: [5.000, 1866713897.000, 35769.000, 3417402645.000, 80.000, 10.000]
	1.0: [5.000, 1866713897.000, 35769.000, 3417402645.000, 80.000, 10.000]
	1.0: [17.000, 2026273913.000, 46694.000, 3417402645.000, 80.000, 10.000]
	1.0: [17.000, 2026273913.000, 46694.000, 3417402645.000, 80.000, 10.000]
	1.0: [17.000, 2026273913.000, 46694.000, 3417402645.000, 80.000, 10.000]
	1.0: [17.000, 2026273913.000, 46694.000, 3417402645.000, 80.000, 10.000]
	1.0: [22.000, 1851400143.000, 60435.000, 3417402645.000, 80.000, 10.000]
	1.0: [22.000, 1851400143.000, 60435.000, 3417402645.000, 80.000, 10.000]
	1.0: [22.000, 1851400143.000, 60435.000, 3417402645.000, 80.000, 10.000]
	1.0: [22.000, 1851400143.000, 60439.000, 3417402645.000, 80.000, 10.000]
	1.0: [22.000, 1851400143.000, 60439.000, 3417402645.000, 80.000, 10.000]
	1.0: [22.000, 1851400143.000, 60439.000, 3417402645.000, 80.000, 10.000]
	1.0: [22.000, 1851400143.000, 42894.000, 3417402645.000, 80.000, 10.000]
	1.0: [22.000, 1851400143.000, 42894.000, 3417402645.000, 80.000, 10.000]
	1.0: [22.000, 1851400143.000, 42894.000, 3417402645.000, 80.000, 10.000]
	1.0: [22.000, 1851400143.000, 42898.000, 3417402645.000, 80.000, 10.000]
	1.0: [22.000, 1851400143.000, 42898.000, 3417402645.000, 80.000, 10.000]
	1.0: [22.000, 1851400143.000, 42898.000, 3417402645.000, 80.000, 10.000]
	1.0: [22.000, 1851400143.000, 42901.000, 3417402645.000, 80.000, 10.000]
	1.0: [22.000, 1851400143.000, 42901.000, 3417402645.000, 80.000, 10.000]
	1.0: [22.000, 1851400143.000, 42901.000, 3417402645.000, 80.000, 10.000]
	1.0: [3.000, 2095298806.000, 50275.000, 3417402645.000, 80.000, 10.000]
	1.0: [3.000, 2095298806.000, 50275.000, 3417402645.000, 80.000, 10.000]
	1.0: [3.000, 2095298806.000, 50275.000, 3417402645.000, 80.000, 10.000]
	1.0: [3.000, 2095298806.000, 50275.000, 3417402645.000, 80.000, 10.000]
	1.0: [3.000, 2095298806.000, 50275.000, 3417402645.000, 80.000, 10.000]
	1.0: [6.000, 1866713897.000, 34169.000, 3417402645.000, 80.000, 10.000]
	1.0: [6.000, 1866713897.000, 34169.000, 3417402645.000, 80.000, 10.000]
	1.0: [23.000, 1867066828.000, 34467.000, 3417402645.000, 80.000, 10.000]
	1.0: [23.000, 1867066828.000, 34467.000, 3417402645.000, 80.000, 10.000]
	1.0: [23.000, 1867066828.000, 34467.000, 3417402645.000, 80.000, 10.000]
	1.0: [23.000, 1867066828.000, 34467.000, 3417402645.000, 80.000, 10.000]
	1.0: [23.000, 2112332229.000, 58911.000, 3417402645.000, 80.000, 10.000]
	1.0: [23.000, 2112332229.000, 58911.000, 3417402645.000, 80.000, 10.000]
	1.0: [19.000, 1992306715.000, 42743.000, 3417402645.000, 443.000, 10.000]
	1.0: [19.000, 1992306715.000, 42743.000, 3417402645.000, 443.000, 10.000]
	1.0: [8.000, 2061634618.000, 53946.000, 3417402645.000, 80.000, 10.000]
	1.0: [8.000, 2061634618.000, 53946.000, 3417402645.000, 80.000, 10.000]
	1.0: [8.000, 2061634618.000, 53946.000, 3417402645.000, 80.000, 10.000]
	1.0: [8.000, 2061634618.000, 53946.000, 3417402645.000, 80.000, 10.000]
	1.0: [8.000, 2061634618.000, 53946.000, 3417402645.000, 80.000, 10.000]
	1.0: [1.000, 1992306715.000, 32903.000, 3417402645.000, 80.000, 10.000]
	1.0: [1.000, 1992306715.000, 32903.000, 3417402645.000, 80.000, 10.000]
	1.0: [1.000, 1839458522.000, 61902.000, 3417402645.000, 80.000, 10.000]
	1.0: [1.000, 1839458522.000, 61902.000, 3417402645.000, 80.000, 10.000]
	1.0: [4.000, 1866713897.000, 37988.000, 3417402645.000, 80.000, 10.000]
	1.0: [4.000, 1866713897.000, 37988.000, 3417402645.000, 80.000, 10.000]
	1.0: [5.000, 1878074510.000, 12200.000, 3417402645.000, 80.000, 10.000]
	1.0: [5.000, 1878074510.000, 12200.000, 3417402645.000, 80.000, 10.000]
	1.0: [5.000, 1878074510.000, 1607.000, 3417402645.000, 80.000, 10.000]
	1.0: [5.000, 1878074510.000, 1607.000, 3417402645.000, 80.000, 10.000]
	1.0: [9.000, 2071848971.000, 56234.000, 3417402645.000, 80.000, 10.000]
	1.0: [9.000, 2071848971.000, 56234.000, 3417402645.000, 80.000, 10.000]
	1.0: [11.000, 2031911882.000, 9244.000, 3417402645.000, 80.000, 10.000]
	1.0: [11.000, 2031911882.000, 9244.000, 3417402645.000, 80.000, 10.000]
	1.0: [21.000, 2057013262.000, 59293.000, 3417402645.000, 80.000, 10.000]
	1.0: [21.000, 2057013262.000, 59293.000, 3417402645.000, 80.000, 10.000]
	1.0: [23.000, 2061518642.000, 11783.000, 3417402645.000, 80.000, 10.000]
	1.0: [23.000, 2061518642.000, 11783.000, 3417402645.000, 80.000, 10.000]
	1.0: [23.000, 2061518642.000, 11783.000, 3417402645.000, 80.000, 10.000]
	1.0: [23.000, 2061518642.000, 11783.000, 3417402645.000, 80.000, 10.000]
	1.0: [8.000, 1866713897.000, 46661.000, 3417402645.000, 80.000, 10.000]
	1.0: [8.000, 1866713897.000, 46661.000, 3417402645.000, 80.000, 10.000]
	1.0: [1:2020316489.000, 2:60748.000, 3:3417402645.000, 4:80.000, 5:10.000]
	1.0: [1:2020316489.000, 2:60748.000, 3:3417402645.000, 4:80.000, 5:10.000]
	1.0: [7.000, 1914781013.000, 56018.000, 3417402645.000, 80.000, 10.000]
	1.0: [7.000, 1914781013.000, 56018.000, 3417402645.000, 80.000, 10.000]
VL-28{n=51 c=[11.275, 3662354385.882, 46644.863, 3417402645.000, 236.059, 9.902] r=[6.222, 1085757.829, 7536.889, 69.554, 180.282, 0.693]}
	Weight : [props - optional]:  Point:
	1.0: [5.000, 3662499618.000, 52582.000, 3417402645.000, 80.000, 10.000]
	1.0: [5.000, 3662499618.000, 52582.000, 3417402645.000, 80.000, 10.000]
	1.0: [7.000, 3662499618.000, 36021.000, 3417402645.000, 443.000, 10.000]
	1.0: [7.000, 3662499618.000, 36021.000, 3417402645.000, 443.000, 10.000]
	1.0: [16.000, 3662422862.000, 37717.000, 3417402645.000, 443.000, 10.000]
	1.0: [16.000, 3662422862.000, 37717.000, 3417402645.000, 443.000, 10.000]
	1.0: [2.000, 3662499618.000, 38606.000, 3417402645.000, 443.000, 10.000]
	1.0: [2.000, 3662499618.000, 38606.000, 3417402645.000, 443.000, 10.000]
	1.0: [17.000, 3662499618.000, 44289.000, 3417402645.000, 80.000, 10.000]
	1.0: [17.000, 3662499618.000, 44289.000, 3417402645.000, 80.000, 10.000]
	1.0: [20.000, 3662499618.000, 57130.000, 3417402645.000, 443.000, 10.000]
	1.0: [20.000, 3662499618.000, 57130.000, 3417402645.000, 443.000, 10.000]
	1.0: [13.000, 3662499618.000, 35088.000, 3417402645.000, 80.000, 10.000]
	1.0: [13.000, 3662499618.000, 35088.000, 3417402645.000, 80.000, 10.000]
	1.0: [17.000, 3662499618.000, 58638.000, 3417402645.000, 443.000, 10.000]
	1.0: [17.000, 3662499618.000, 58638.000, 3417402645.000, 443.000, 10.000]
	1.0: [8.000, 3662499618.000, 53616.000, 3417402645.000, 80.000, 10.000]
	1.0: [8.000, 3662499618.000, 53616.000, 3417402645.000, 80.000, 10.000]
	1.0: [9.000, 3663714664.000, 47603.000, 3417402645.000, 80.000, 10.000]
	1.0: [9.000, 3663714664.000, 47603.000, 3417402645.000, 80.000, 10.000]
	1.0: [9.000, 3663714664.000, 47603.000, 3417402645.000, 80.000, 10.000]
	1.0: [9.000, 3663714664.000, 47603.000, 3417402645.000, 80.000, 10.000]
	1.0: [11.000, 3662499618.000, 53711.000, 3417402645.000, 443.000, 10.000]
	1.0: [11.000, 3662499618.000, 53711.000, 3417402645.000, 443.000, 10.000]
	1.0: [21.000, 3663714663.000, 40763.000, 3417402645.000, 80.000, 10.000]
	1.0: [21.000, 3663714663.000, 40763.000, 3417402645.000, 80.000, 10.000]
	1.0: [2.000, 3662499618.000, 58671.000, 3417402645.000, 80.000, 10.000]
	1.0: [2.000, 3662499618.000, 58671.000, 3417402645.000, 80.000, 10.000]
	1.0: [4.000, 3662499618.000, 37808.000, 3417402645.000, 443.000, 10.000]
	1.0: [4.000, 3662499618.000, 37808.000, 3417402645.000, 443.000, 10.000]
	1.0: [22.000, 3662499618.000, 39402.000, 3417402645.000, 80.000, 10.000]
	1.0: [22.000, 3662499618.000, 39402.000, 3417402645.000, 80.000, 10.000]
	1.0: [1:3662499618.000, 2:50970.000, 3:3417402645.000, 4:443.000, 5:10.000]
	1.0: [1:3662499618.000, 2:50970.000, 3:3417402645.000, 4:443.000, 5:10.000]
	1.0: [18.000, 3662499618.000, 49175.000, 3417402645.000, 80.000, 10.000]
	1.0: [18.000, 3662499618.000, 49175.000, 3417402645.000, 80.000, 10.000]
	1.0: [19.000, 3662499618.000, 44248.000, 3417402645.000, 443.000, 10.000]
	1.0: [19.000, 3662499618.000, 44248.000, 3417402645.000, 443.000, 10.000]
	1.0: [3.000, 3662422862.000, 64166.000, 3417402645.000, 53.000, 5.000]
	1.0: [11.000, 3658882907.000, 44763.000, 3417402645.000, 80.000, 10.000]
	1.0: [11.000, 3658882907.000, 44763.000, 3417402645.000, 80.000, 10.000]
	1.0: [11.000, 3658882907.000, 44763.000, 3417402645.000, 80.000, 10.000]
	1.0: [11.000, 3658882907.000, 44763.000, 3417402645.000, 80.000, 10.000]
	1.0: [13.000, 3662499618.000, 49445.000, 3417402645.000, 80.000, 10.000]
	1.0: [13.000, 3662499618.000, 49445.000, 3417402645.000, 80.000, 10.000]
	1.0: [15.000, 3662499618.000, 49244.000, 3417402645.000, 443.000, 10.000]
	1.0: [15.000, 3662499618.000, 49244.000, 3417402645.000, 443.000, 10.000]
	1.0: [7.000, 3662499618.000, 50392.000, 3417402645.000, 80.000, 10.000]
	1.0: [7.000, 3662499618.000, 50392.000, 3417402645.000, 80.000, 10.000]
	1.0: [9.000, 3662499618.000, 35113.000, 3417402645.000, 443.000, 10.000]
	1.0: [9.000, 3662499618.000, 35113.000, 3417402645.000, 443.000, 10.000]
VL-0{n=9 c=[19.222, 53202082.333, 31087.222, 3417402645.000, 66.556, 7.222] r=[0:4.211, 1:39627968.022, 2:14451.471, 4:12.729, 5:2.485]}
	Weight : [props - optional]:  Point:
	1.0: [14.000, 100558150.000, 54392.000, 3417402645.000, 53.000, 5.000]
	1.0: [0:23.000, 2:68.000, 3:3417402645.000, 4:67.000, 5:5.000]
	1.0: [23.000, 22888778.000, 22216.000, 3417402645.000, 80.000, 10.000]
	1.0: [23.000, 22888778.000, 22216.000, 3417402645.000, 80.000, 10.000]
	1.0: [22.000, 22888778.000, 41296.000, 3417402645.000, 80.000, 10.000]
	1.0: [22.000, 22888778.000, 41296.000, 3417402645.000, 80.000, 10.000]
	1.0: [11.000, 95568492.000, 32767.000, 3417402645.000, 53.000, 5.000]
	1.0: [17.000, 95568495.000, 32767.000, 3417402645.000, 53.000, 5.000]
	1.0: [18.000, 95568492.000, 32767.000, 3417402645.000, 53.000, 5.000]
VL-35{n=0 c=[13.000, 3417402628.000, 67.000, 3417402645.000, 68.000, 5.000] r=[]}
VL-39{n=39 c=[14.000, 3417402628.000, 67.000, 3417402645.000, 68.000, 5.000] r=[1:NaN, 3:74.264]}
	Weight : [props - optional]:  Point:
	1.0: [14.000, 3417402628.000, 67.000, 3417402645.000, 68.000, 5.000]
	1.0: [14.000, 3417402628.000, 67.000, 3417402645.000, 68.000, 5.000]
	1.0: [14.000, 3417402628.000, 67.000, 3417402645.000, 68.000, 5.000]
	1.0: [14.000, 3417402628.000, 67.000, 3417402645.000, 68.000, 5.000]
	1.0: [14.000, 3417402628.000, 67.000, 3417402645.000, 68.000, 5.000]
	1.0: [14.000, 3417402628.000, 67.000, 3417402645.000, 68.000, 5.000]
	1.0: [14.000, 3417402628.000, 67.000, 3417402645.000, 68.000, 5.000]
	1.0: [14.000, 3417402628.000, 67.000, 3417402645.000, 68.000, 5.000]
	1.0: [14.000, 3417402628.000, 67.000, 3417402645.000, 68.000, 5.000]
	1.0: [14.000, 3417402628.000, 67.000, 3417402645.000, 68.000, 5.000]
	1.0: [14.000, 3417402628.000, 67.000, 3417402645.000, 68.000, 5.000]
	1.0: [14.000, 3417402628.000, 67.000, 3417402645.000, 68.000, 5.000]
	1.0: [14.000, 3417402628.000, 67.000, 3417402645.000, 68.000, 5.000]
	1.0: [14.000, 3417402628.000, 67.000, 3417402645.000, 68.000, 5.000]
	1.0: [14.000, 3417402628.000, 67.000, 3417402645.000, 68.000, 5.000]
	1.0: [14.000, 3417402628.000, 67.000, 3417402645.000, 68.000, 5.000]
	1.0: [14.000, 3417402628.000, 67.000, 3417402645.000, 68.000, 5.000]
	1.0: [14.000, 3417402628.000, 67.000, 3417402645.000, 68.000, 5.000]
	1.0: [14.000, 3417402628.000, 67.000, 3417402645.000, 68.000, 5.000]
	1.0: [14.000, 3417402628.000, 67.000, 3417402645.000, 68.000, 5.000]
	1.0: [14.000, 3417402628.000, 67.000, 3417402645.000, 68.000, 5.000]
	1.0: [14.000, 3417402628.000, 67.000, 3417402645.000, 68.000, 5.000]
	1.0: [14.000, 3417402628.000, 67.000, 3417402645.000, 68.000, 5.000]
	1.0: [14.000, 3417402628.000, 67.000, 3417402645.000, 68.000, 5.000]
	1.0: [14.000, 3417402628.000, 67.000, 3417402645.000, 68.000, 5.000]
	1.0: [14.000, 3417402628.000, 67.000, 3417402645.000, 68.000, 5.000]
	1.0: [14.000, 3417402628.000, 67.000, 3417402645.000, 68.000, 5.000]
	1.0: [14.000, 3417402628.000, 67.000, 3417402645.000, 68.000, 5.000]
	1.0: [14.000, 3417402628.000, 67.000, 3417402645.000, 68.000, 5.000]
	1.0: [14.000, 3417402628.000, 67.000, 3417402645.000, 68.000, 5.000]
	1.0: [14.000, 3417402628.000, 67.000, 3417402645.000, 68.000, 5.000]
	1.0: [14.000, 3417402628.000, 67.000, 3417402645.000, 68.000, 5.000]
	1.0: [14.000, 3417402628.000, 67.000, 3417402645.000, 68.000, 5.000]
	1.0: [14.000, 3417402628.000, 67.000, 3417402645.000, 68.000, 5.000]
	1.0: [14.000, 3417402628.000, 67.000, 3417402645.000, 68.000, 5.000]
	1.0: [14.000, 3417402628.000, 67.000, 3417402645.000, 68.000, 5.000]
	1.0: [14.000, 3417402628.000, 67.000, 3417402645.000, 68.000, 5.000]
	1.0: [14.000, 3417402628.000, 67.000, 3417402645.000, 68.000, 5.000]
	1.0: [14.000, 3417402628.000, 67.000, 3417402645.000, 68.000, 5.000]
